$self.energy: imaginary piece per atom
    1       1.7622691      3.1287398     12.1110903    n     empty    0.00000000000000D+00
    2       1.7315807      2.9148563     13.4207047    c     empty    0.00000000000000D+00
    3       1.1422950      2.0240359     11.5556154    c     empty    0.00000000000000D+00
    4       0.7505675      1.1532014     12.5563658    c     empty    0.00000000000000D+00
    5       1.1314667      1.7282468     13.7561491    n     empty    0.00000000000000D+00
    6       2.1286935      3.5938861     14.1707412    h     empty    0.00000000000000D+00
    7       0.2433185      0.1942935     12.5163657    h     empty    0.00000000000000D+00
    8       1.0451718      1.9191823     10.0635514    c     empty    0.00000000000000D+00
    9       0.5339548      2.8207219      9.6801761    h     empty    0.00000000000000D+00
   10       0.4439603      1.0504567      9.7575671    h     empty    0.00000000000000D+00
   11       2.4503498      1.8556673      9.4541956    c     empty    0.00000000000000D+00
   12       3.1132370      2.5046943     10.0468564    h     empty    0.00000000000000D+00
   13       2.8476060      0.8321767      9.4812373    h     empty    0.00000000000000D+00
   14       2.4668506      2.3198060      8.0317499    n     empty    0.00000000000000D+00
   15       2.1496535      3.2953597      8.0090515    h     empty    0.00000000000000D+00
   16       3.4337431      2.3331291      7.6921507    h     empty    0.00000000000000D+00
   17       1.3494297      1.2806975      6.4321248    au    empty    0.00000000000000D+00
   18      -0.6710872      0.5135643      4.8376997    au    empty    0.00000000000000D+00
   19       1.3255742      2.4848879      3.9524150    au    empty    0.00000000000000D+00
   20       2.1054627     -0.3629251      4.4013232    au    empty    0.00000000000000D+00
   21      -2.6749264     -0.2973403      3.0639963    au    left     0.50000000000000D-01
   22      -0.7008935      1.6457630      2.2618732    au    left     0.50000000000000D-01
   23       1.2731394      3.5888663      1.4597501    au    left     0.50000000000000D-01
   24       0.0639290     -1.1056632      2.6625702    au    left     0.50000000000000D-01
   25       2.0379619      0.8374401      1.8604470    au    left     0.50000000000000D-01
   26       2.8027844     -1.9139861      2.2611440    au    left     0.50000000000000D-01
   27      -2.7388554      0.8083229      0.4014261    au    left     0.10000000000000D+00
   28      -0.7648225      2.7514262     -0.4006970    au    left     0.10000000000000D+00
   29      -1.9740329     -1.9431033      0.8021231    au    left     0.10000000000000D+00
   30       0.0000000      0.0000000      0.0000000    au    left     0.10000000000000D+00
   31       1.9740329      1.9431033     -0.8021231    au    left     0.10000000000000D+00
   32       0.7648225     -2.7514262      0.4006970    au    left     0.10000000000000D+00
   33       2.7388554     -0.8083229     -0.4014261    au    left     0.10000000000000D+00
   34      -1.9101039     -3.0487665      3.4646933    au    left     0.50000000000000D-01
   35       1.0031055      1.0119323     15.6779453    au    empty    0.00000000000000D+00
   36       0.6678012      2.3714759     18.0220634    au    empty    0.00000000000000D+00
   37      -0.7985200     -0.0871490     17.4278652    au    empty    0.00000000000000D+00
   38       2.1040966     -0.2047090     17.8029877    au    empty    0.00000000000000D+00
   39       0.4018618      3.6520597     20.4505301    au    right    0.50000000000000D-01
   40      -1.0760166      1.2486825     19.8542823    au    right    0.50000000000000D-01
   41      -2.5538950     -1.1546947     19.2580346    au    right    0.50000000000000D-01
   42       1.7779410      1.1258770     20.2488743    au    right    0.50000000000000D-01
   43       0.3000625     -1.2775002     19.6526265    au    right    0.50000000000000D-01
   44       3.1540201     -1.4003057     20.0472184    au    right    0.50000000000000D-01
   45      -1.3760792      2.5261827     22.4221245    au    right    0.10000000000000D+00
   46      -2.8539576      0.1228055     21.8258768    au    right    0.10000000000000D+00
   47       1.4778784      2.4033772     22.8167165    au    right    0.10000000000000D+00
   48      -0.0000000      0.0000000     22.2204687    au    right    0.10000000000000D+00
   49      -1.4778784     -2.4033772     21.6242210    au    right    0.10000000000000D+00
   50       2.8539576     -0.1228055     22.6150607    au    right    0.10000000000000D+00
   51       1.3760792     -2.5261827     22.0188129    au    right    0.10000000000000D+00
   52       3.2558194      3.5292542     20.8451220    au    right    0.50000000000000D-01
$end
