$self.energy: imaginary piece per atom
    1      -1.3018560      1.5387584     12.2815099    n     empty    0.00000000000000D+00
    2      -1.2086035      1.5731819     13.6371683    c     empty    0.00000000000000D+00
    3      -0.0705118      1.1822255     11.7538288    c     empty    0.00000000000000D+00
    4       0.7433535      1.0065539     12.8534784    c     empty    0.00000000000000D+00
    5       0.0261369      1.2525748     14.0105277    n     empty    0.00000000000000D+00
    6      -2.0281295      1.8248429     14.3013082    h     empty    0.00000000000000D+00
    7       1.7898369      0.7275166     12.8962282    h     empty    0.00000000000000D+00
    8       0.1797480      1.1094993     10.2787406    c     empty    0.00000000000000D+00
    9       0.4694834      2.1084025      9.9056154    h     empty    0.00000000000000D+00
   10      -0.7443463      0.8378431      9.7426850    h     empty    0.00000000000000D+00
   11       1.2733252      0.1003078      9.9239792    c     empty    0.00000000000000D+00
   12       2.1667857      0.2755117     10.5459723    h     empty    0.00000000000000D+00
   13       0.9227072     -0.9214981     10.1237188    h     empty    0.00000000000000D+00
   14       1.6240105      0.1940135      8.4872182    n     empty    0.00000000000000D+00
   15       2.0621559      1.1000293      8.2921837    h     empty    0.00000000000000D+00
   16       2.3288523     -0.5128319      8.2587980    h     empty    0.00000000000000D+00
   17      -2.1412804      1.7395045     11.7441532    h     empty    0.00000000000000D+00
   18       0.1739848     -0.0537434      6.7075058    au    empty    0.00000000000000D+00
   19      -0.2843616      1.6820000      4.6193896    au    empty    0.00000000000000D+00
   20       1.7771508     -0.4908867      4.5418318    au    empty    0.00000000000000D+00
   21      -1.1239012     -1.1611654      4.6583697    au    empty    0.00000000000000D+00
   22      -0.7422758      3.2622264      2.3726812    au    right    0.50000000000000D-01
   23       1.2701038      1.1968598      2.3515510    au    right    0.50000000000000D-01
   24       3.2824835     -0.8685069      2.3304208    au    right    0.50000000000000D-01
   25      -1.5243100      0.4867567      2.4050570    au    right    0.50000000000000D-01
   26       0.4880697     -1.5786100      2.3839268    au    right    0.50000000000000D-01
   27      -2.3063441     -2.2887131      2.4374327    au    right    0.50000000000000D-01
   28       0.8189529      2.7945735     -0.0063361    au    right    0.10000000000000D+00
   29       2.8313326      0.7292068     -0.0274664    au    right    0.10000000000000D+00
   30      -1.9754609      2.0844704      0.0471699    au    right    0.10000000000000D+00
   31       0.0369188      0.0191037      0.0260396    au    right    0.10000000000000D+00
   32       2.0492984     -2.0462629      0.0049094    au    right    0.10000000000000D+00
   33      -2.7574951     -0.6909994      0.0795456    au    right    0.10000000000000D+00
   34      -0.7451154     -2.7563660      0.0584154    au    right    0.10000000000000D+00
   35      -3.5366896      2.5521234      2.4261872    au    right    0.50000000000000D-01
   36       0.6480567      1.3013584     16.1050947    au    empty    0.00000000000000D+00
   37      -0.6686059      3.0267218     17.7895388    au    empty    0.00000000000000D+00
   38       0.0384457      0.2335254     18.5092908    au    empty    0.00000000000000D+00
   39       2.1642447      2.2505116     18.1351991    au    empty    0.00000000000000D+00
   40      -1.8940724      4.7100982     19.5357877    au    left     0.50000000000000D-01
   41      -1.2414467      1.9985553     20.2689130    au    left     0.50000000000000D-01
   42      -0.5888211     -0.7129876     21.0020383    au    left     0.50000000000000D-01
   43       0.8577272      3.9480818     19.9392574    au    left     0.50000000000000D-01
   44       1.5103529      1.2365389     20.6723827    au    left     0.50000000000000D-01
   45       3.6095268      3.1860655     20.3427271    au    left     0.50000000000000D-01
   46      -2.5512905      3.7298964     22.1669712    au    left     0.10000000000000D+00
   47      -1.8986649      1.0183535     22.9000965    au    left     0.10000000000000D+00
   48      -0.4521166      5.6794230     21.8373156    au    left     0.10000000000000D+00
   49       0.2005091      2.9678801     22.5704409    au    left     0.10000000000000D+00
   50       0.8531347      0.2563372     23.3035662    au    left     0.10000000000000D+00
   51       2.2996830      4.9174066     22.2407853    au    left     0.10000000000000D+00
   52       2.9523087      2.2058637     22.9739106    au    left     0.10000000000000D+00
   53       4.2621525      0.4745226     21.0758524    au    left     0.50000000000000D-01
$end
